{
    "camera_angle_x": 0.6911111611634243,
    "frames": [
        {
            "file_path": "000.png",
            "depth_path": "000_d.png",
            "mask_path": "000_m.png",
            "transform_matrix": [
                [
                    0.0,
                    0.0,
                    1.0,
                    12.0
                ],
                [
                    0.0,
                    1.0,
                    0.0,
                    0.0
                ],
                [
                    -1.0,
                    0.0,
                    0.0,
                    0.0
                ],
                [
                    0.0,
                    0.0,
                    0.0,
                    1.0
                ]
            ],
            "light_direction": [
                [
                    0.5335142016410828,
                    0.6410328149795532,
                    0.5517603754997253,
                    0.0
                ],
                [
                    -0.4619116485118866,
                    -0.3256521224975586,
                    0.8249778747558594,
                    0.0
                ],
                [
                    0.7085197567939758,
                    -0.695002019405365,
                    0.12236043810844421,
                    0.0
                ],
                [
                    0.0,
                    0.0,
                    0.0,
                    1.0
                ]
            ]
        },
        {
            "file_path": "001.png",
            "depth_path": "001_d.png",
            "mask_path": "001_m.png",
            "transform_matrix": [
                [
                    0.0,
                    -0.08715574443340302,
                    0.9961947202682495,
                    11.954336166381836
                ],
                [
                    0.0,
                    0.9961947202682495,
                    0.08715574443340302,
                    1.0458688735961914
                ],
                [
                    -1.0,
                    0.0,
                    0.0,
                    0.0
                ],
                [
                    0.0,
                    0.0,
                    0.0,
                    1.0
                ]
            ],
            "light_direction": [
                [
                    0.8192130327224731,
                    0.17729628086090088,
                    -0.5453953146934509,
                    0.0
                ],
                [
                    0.510178804397583,
                    0.20905347168445587,
                    0.8342745900154114,
                    0.0
                ],
                [
                    0.26193055510520935,
                    -0.9616977572441101,
                    0.08080652356147766,
                    0.0
                ],
                [
                    0.0,
                    0.0,
                    0.0,
                    1.0
                ]
            ]
        },
        {
            "file_path": "002.png",
            "depth_path": "002_d.png",
            "mask_path": "002_m.png",
            "transform_matrix": [
                [
                    0.0,
                    -0.1736481785774231,
                    0.9848077297210693,
                    11.817692756652832
                ],
                [
                    0.0,
                    0.9848077297210693,
                    0.1736481785774231,
                    2.083778142929077
                ],
                [
                    -1.0,
                    0.0,
                    0.0,
                    0.0
                ],
                [
                    0.0,
                    0.0,
                    0.0,
                    1.0
                ]
            ],
            "light_direction": [
                [
                    0.5656377077102661,
                    -0.6110653281211853,
                    0.5537626147270203,
                    0.0
                ],
                [
                    0.821593165397644,
                    0.35977882146835327,
                    -0.4422033727169037,
                    0.0
                ],
                [
                    0.07098314166069031,
                    0.7050945162773132,
                    0.7055516242980957,
                    0.0
                ],
                [
                    0.0,
                    0.0,
                    0.0,
                    1.0
                ]
            ]
        },
        {
            "file_path": "003.png",
            "depth_path": "003_d.png",
            "mask_path": "003_m.png",
            "transform_matrix": [
                [
                    0.0,
                    -0.258819043636322,
                    0.9659258127212524,
                    11.591110229492188
                ],
                [
                    0.0,
                    0.9659258127212524,
                    0.258819043636322,
                    3.1058285236358643
                ],
                [
                    -1.0,
                    0.0,
                    0.0,
                    0.0
                ],
                [
                    0.0,
                    0.0,
                    0.0,
                    1.0
                ]
            ],
            "light_direction": [
                [
                    -0.3354630172252655,
                    -0.9398051500320435,
                    -0.06504349410533905,
                    0.0
                ],
                [
                    -0.10735948383808136,
                    -0.03045523725450039,
                    0.9937536120414734,
                    0.0
                ],
                [
                    -0.9359157681465149,
                    0.3403507471084595,
                    -0.09068028628826141,
                    0.0
                ],
                [
                    0.0,
                    0.0,
                    0.0,
                    1.0
                ]
            ]
        },
        {
            "file_path": "004.png",
            "depth_path": "004_d.png",
            "mask_path": "004_m.png",
            "transform_matrix": [
                [
                    0.0,
                    -0.3420201539993286,
                    0.9396926164627075,
                    11.276311874389648
                ],
                [
                    0.0,
                    0.9396926164627075,
                    0.3420201539993286,
                    4.104241847991943
                ],
                [
                    -1.0,
                    0.0,
                    0.0,
                    0.0
                ],
                [
                    0.0,
                    0.0,
                    0.0,
                    1.0
                ]
            ],
            "light_direction": [
                [
                    -0.09917112439870834,
                    0.48861387372016907,
                    -0.8668458461761475,
                    0.0
                ],
                [
                    0.4161916971206665,
                    -0.7709157466888428,
                    -0.4821552336215973,
                    0.0
                ],
                [
                    -0.9038527011871338,
                    -0.40858983993530273,
                    -0.12690459191799164,
                    0.0
                ],
                [
                    0.0,
                    0.0,
                    0.0,
                    1.0
                ]
            ]
        },
        {
            "file_path": "005.png",
            "depth_path": "005_d.png",
            "mask_path": "005_m.png",
            "transform_matrix": [
                [
                    0.0,
                    -0.4226182699203491,
                    0.9063078165054321,
                    10.875693321228027
                ],
                [
                    0.0,
                    0.9063078165054321,
                    0.4226182699203491,
                    5.0714192390441895
                ],
                [
                    -1.0,
                    0.0,
                    0.0,
                    0.0
                ],
                [
                    0.0,
                    0.0,
                    0.0,
                    1.0
                ]
            ],
            "light_direction": [
                [
                    0.779758095741272,
                    0.38070717453956604,
                    0.4970305562019348,
                    0.0
                ],
                [
                    0.5669613480567932,
                    -0.09262531995773315,
                    -0.818520188331604,
                    0.0
                ],
                [
                    -0.26557889580726624,
                    0.9200448393821716,
                    -0.2880716025829315,
                    0.0
                ],
                [
                    0.0,
                    0.0,
                    0.0,
                    1.0
                ]
            ]
        },
        {
            "file_path": "006.png",
            "depth_path": "006_d.png",
            "mask_path": "006_m.png",
            "transform_matrix": [
                [
                    0.0,
                    -0.5,
                    0.8660253882408142,
                    10.392304420471191
                ],
                [
                    0.0,
                    0.8660253882408142,
                    0.5,
                    6.0
                ],
                [
                    -1.0,
                    0.0,
                    0.0,
                    0.0
                ],
                [
                    0.0,
                    0.0,
                    0.0,
                    1.0
                ]
            ],
            "light_direction": [
                [
                    0.1643495112657547,
                    -0.9754971861839294,
                    -0.1462688446044922,
                    0.0
                ],
                [
                    -0.4940218925476074,
                    0.046945832669734955,
                    -0.8681811690330505,
                    0.0
                ],
                [
                    0.8537749648094177,
                    0.21494519710540771,
                    -0.4742014408111572,
                    0.0
                ],
                [
                    0.0,
                    0.0,
                    0.0,
                    1.0
                ]
            ]
        },
        {
            "file_path": "007.png",
            "depth_path": "007_d.png",
            "mask_path": "007_m.png",
            "transform_matrix": [
                [
                    0.0,
                    -0.5735764503479004,
                    0.8191520571708679,
                    9.829824447631836
                ],
                [
                    0.0,
                    0.8191520571708679,
                    0.5735764503479004,
                    6.882917404174805
                ],
                [
                    -1.0,
                    0.0,
                    0.0,
                    0.0
                ],
                [
                    0.0,
                    0.0,
                    0.0,
                    1.0
                ]
            ],
            "light_direction": [
                [
                    0.44104495644569397,
                    -0.06590531766414642,
                    0.8950619101524353,
                    0.0
                ],
                [
                    -0.8958925008773804,
                    -0.0917154923081398,
                    0.43470102548599243,
                    0.0
                ],
                [
                    0.05344192311167717,
                    -0.99360191822052,
                    -0.09949474036693573,
                    0.0
                ],
                [
                    0.0,
                    0.0,
                    0.0,
                    1.0
                ]
            ]
        },
        {
            "file_path": "008.png",
            "depth_path": "008_d.png",
            "mask_path": "008_m.png",
            "transform_matrix": [
                [
                    0.0,
                    -0.6427876353263855,
                    0.7660444378852844,
                    9.192533493041992
                ],
                [
                    0.0,
                    0.7660444378852844,
                    0.6427876353263855,
                    7.713451385498047
                ],
                [
                    -1.0,
                    0.0,
                    0.0,
                    0.0
                ],
                [
                    0.0,
                    0.0,
                    0.0,
                    1.0
                ]
            ],
            "light_direction": [
                [
                    0.20140796899795532,
                    -0.36816832423210144,
                    -0.9076823592185974,
                    0.0
                ],
                [
                    -0.6467585563659668,
                    0.6459548473358154,
                    -0.4055192470550537,
                    0.0
                ],
                [
                    0.7356212139129639,
                    0.6687260866165161,
                    -0.10801556706428528,
                    0.0
                ],
                [
                    0.0,
                    0.0,
                    0.0,
                    1.0
                ]
            ]
        },
        {
            "file_path": "009.png",
            "depth_path": "009_d.png",
            "mask_path": "009_m.png",
            "transform_matrix": [
                [
                    0.0,
                    -0.7071067690849304,
                    0.7071067690849304,
                    8.485280990600586
                ],
                [
                    0.0,
                    0.7071067690849304,
                    0.7071067690849304,
                    8.485280990600586
                ],
                [
                    -1.0,
                    0.0,
                    0.0,
                    0.0
                ],
                [
                    0.0,
                    0.0,
                    0.0,
                    1.0
                ]
            ],
            "light_direction": [
                [
                    0.9830100536346436,
                    -0.17594264447689056,
                    -0.05230114609003067,
                    0.0
                ],
                [
                    0.17845799028873444,
                    0.8494505286216736,
                    0.49657484889030457,
                    0.0
                ],
                [
                    -0.04294145852327347,
                    -0.4974716305732727,
                    0.8664167523384094,
                    0.0
                ],
                [
                    0.0,
                    0.0,
                    0.0,
                    1.0
                ]
            ]
        },
        {
            "file_path": "010.png",
            "depth_path": "010_d.png",
            "mask_path": "010_m.png",
            "transform_matrix": [
                [
                    0.0,
                    -0.7660444378852844,
                    0.6427876353263855,
                    7.713451385498047
                ],
                [
                    0.0,
                    0.6427876353263855,
                    0.7660444378852844,
                    9.192533493041992
                ],
                [
                    -1.0,
                    0.0,
                    0.0,
                    0.0
                ],
                [
                    0.0,
                    0.0,
                    0.0,
                    1.0
                ]
            ],
            "light_direction": [
                [
                    0.31179389357566833,
                    0.08124758303165436,
                    -0.9466696381568909,
                    0.0
                ],
                [
                    0.9466175436973572,
                    0.0592685230076313,
                    0.31686338782310486,
                    0.0
                ],
                [
                    0.08185206353664398,
                    -0.9949301481246948,
                    -0.05843080207705498,
                    0.0
                ],
                [
                    0.0,
                    0.0,
                    0.0,
                    1.0
                ]
            ]
        },
        {
            "file_path": "011.png",
            "depth_path": "011_d.png",
            "mask_path": "011_m.png",
            "transform_matrix": [
                [
                    0.0,
                    -0.8191520571708679,
                    0.5735764503479004,
                    6.882917404174805
                ],
                [
                    0.0,
                    0.5735764503479004,
                    0.8191520571708679,
                    9.829824447631836
                ],
                [
                    -1.0,
                    0.0,
                    0.0,
                    0.0
                ],
                [
                    0.0,
                    0.0,
                    0.0,
                    1.0
                ]
            ],
            "light_direction": [
                [
                    0.10414432734251022,
                    -0.9592848420143127,
                    -0.26253873109817505,
                    0.0
                ],
                [
                    -0.669406533241272,
                    -0.26284024119377136,
                    0.6948451995849609,
                    0.0
                ],
                [
                    -0.7355601787567139,
                    0.1033809557557106,
                    -0.6695248484611511,
                    0.0
                ],
                [
                    0.0,
                    0.0,
                    0.0,
                    1.0
                ]
            ]
        },
        {
            "file_path": "012.png",
            "depth_path": "012_d.png",
            "mask_path": "012_m.png",
            "transform_matrix": [
                [
                    0.0,
                    -0.8660253882408142,
                    0.5,
                    6.0
                ],
                [
                    0.0,
                    0.5,
                    0.8660253882408142,
                    10.392304420471191
                ],
                [
                    -1.0,
                    0.0,
                    0.0,
                    0.0
                ],
                [
                    0.0,
                    0.0,
                    0.0,
                    1.0
                ]
            ],
            "light_direction": [
                [
                    0.1353992372751236,
                    -0.10651111602783203,
                    -0.9850494861602783,
                    0.0
                ],
                [
                    0.5111553072929382,
                    0.8591901063919067,
                    -0.02264176681637764,
                    0.0
                ],
                [
                    0.8487563133239746,
                    -0.5004475712776184,
                    0.17077739536762238,
                    0.0
                ],
                [
                    0.0,
                    0.0,
                    0.0,
                    1.0
                ]
            ]
        },
        {
            "file_path": "013.png",
            "depth_path": "013_d.png",
            "mask_path": "013_m.png",
            "transform_matrix": [
                [
                    0.0,
                    -0.9063078165054321,
                    0.4226182699203491,
                    5.0714192390441895
                ],
                [
                    0.0,
                    0.4226182699203491,
                    0.9063078165054321,
                    10.875693321228027
                ],
                [
                    -1.0,
                    0.0,
                    0.0,
                    0.0
                ],
                [
                    0.0,
                    0.0,
                    0.0,
                    1.0
                ]
            ],
            "light_direction": [
                [
                    -0.003822622587904334,
                    0.5373656749725342,
                    0.8433406352996826,
                    0.0
                ],
                [
                    0.9068856239318848,
                    -0.35349181294441223,
                    0.22935107350349426,
                    0.0
                ],
                [
                    0.42135944962501526,
                    0.765690267086029,
                    -0.4859778881072998,
                    0.0
                ],
                [
                    0.0,
                    0.0,
                    0.0,
                    1.0
                ]
            ]
        },
        {
            "file_path": "014.png",
            "depth_path": "014_d.png",
            "mask_path": "014_m.png",
            "transform_matrix": [
                [
                    0.0,
                    -0.9396926164627075,
                    0.3420201539993286,
                    4.104241847991943
                ],
                [
                    0.0,
                    0.3420201539993286,
                    0.9396926164627075,
                    11.276311874389648
                ],
                [
                    -1.0,
                    0.0,
                    0.0,
                    0.0
                ],
                [
                    0.0,
                    0.0,
                    0.0,
                    1.0
                ]
            ],
            "light_direction": [
                [
                    0.3380283713340759,
                    0.7149631381034851,
                    0.6120166778564453,
                    0.0
                ],
                [
                    -0.6046373844146729,
                    -0.3333583474159241,
                    0.7233847975730896,
                    0.0
                ],
                [
                    0.7212144732475281,
                    -0.6145727038383484,
                    0.31960898637771606,
                    0.0
                ],
                [
                    0.0,
                    0.0,
                    0.0,
                    1.0
                ]
            ]
        },
        {
            "file_path": "015.png",
            "depth_path": "015_d.png",
            "mask_path": "015_m.png",
            "transform_matrix": [
                [
                    0.0,
                    -0.9659258127212524,
                    0.258819043636322,
                    3.1058285236358643
                ],
                [
                    0.0,
                    0.258819043636322,
                    0.9659258127212524,
                    11.591110229492188
                ],
                [
                    -1.0,
                    0.0,
                    0.0,
                    0.0
                ],
                [
                    0.0,
                    0.0,
                    0.0,
                    1.0
                ]
            ],
            "light_direction": [
                [
                    -0.44733601808547974,
                    -0.23065248131752014,
                    -0.8641120791435242,
                    0.0
                ],
                [
                    -0.5215623378753662,
                    -0.7175971865653992,
                    0.4615480899810791,
                    0.0
                ],
                [
                    -0.7265417575836182,
                    0.6571555137634277,
                    0.20070765912532806,
                    0.0
                ],
                [
                    0.0,
                    0.0,
                    0.0,
                    1.0
                ]
            ]
        },
        {
            "file_path": "016.png",
            "depth_path": "016_d.png",
            "mask_path": "016_m.png",
            "transform_matrix": [
                [
                    0.0,
                    -0.9848077297210693,
                    0.1736481785774231,
                    2.083778142929077
                ],
                [
                    0.0,
                    0.1736481785774231,
                    0.9848077297210693,
                    11.817692756652832
                ],
                [
                    -1.0,
                    0.0,
                    0.0,
                    0.0
                ],
                [
                    0.0,
                    0.0,
                    0.0,
                    1.0
                ]
            ],
            "light_direction": [
                [
                    0.26538559794425964,
                    0.4413016736507416,
                    0.8572183847427368,
                    0.0
                ],
                [
                    -0.8554904460906982,
                    -0.30225202441215515,
                    0.42045196890830994,
                    0.0
                ],
                [
                    0.4446421265602112,
                    -0.8449240326881409,
                    0.2973160147666931,
                    0.0
                ],
                [
                    0.0,
                    0.0,
                    0.0,
                    1.0
                ]
            ]
        },
        {
            "file_path": "017.png",
            "depth_path": "017_d.png",
            "mask_path": "017_m.png",
            "transform_matrix": [
                [
                    0.0,
                    -0.9961947202682495,
                    0.08715574443340302,
                    1.0458688735961914
                ],
                [
                    0.0,
                    0.08715574443340302,
                    0.9961947202682495,
                    11.954336166381836
                ],
                [
                    -1.0,
                    0.0,
                    0.0,
                    0.0
                ],
                [
                    0.0,
                    0.0,
                    0.0,
                    1.0
                ]
            ],
            "light_direction": [
                [
                    -0.04284060001373291,
                    -0.4494806230068207,
                    0.8922622799873352,
                    0.0
                ],
                [
                    -0.9989128708839417,
                    0.002836790168657899,
                    -0.04653208330273628,
                    0.0
                ],
                [
                    0.01838403195142746,
                    -0.8932856917381287,
                    -0.44911354780197144,
                    0.0
                ],
                [
                    0.0,
                    0.0,
                    0.0,
                    1.0
                ]
            ]
        },
        {
            "file_path": "018.png",
            "depth_path": "018_d.png",
            "mask_path": "018_m.png",
            "transform_matrix": [
                [
                    0.0,
                    -1.0,
                    6.123234262925839e-17,
                    7.347880586115415e-16
                ],
                [
                    0.0,
                    6.123234262925839e-17,
                    1.0,
                    12.0
                ],
                [
                    -1.0,
                    0.0,
                    0.0,
                    0.0
                ],
                [
                    0.0,
                    0.0,
                    0.0,
                    1.0
                ]
            ],
            "light_direction": [
                [
                    0.24008116126060486,
                    0.019895868375897408,
                    0.9705488681793213,
                    0.0
                ],
                [
                    0.8239500522613525,
                    0.5244678258895874,
                    -0.2145688831806183,
                    0.0
                ],
                [
                    -0.5132906436920166,
                    0.8511977791786194,
                    0.10952164977788925,
                    0.0
                ],
                [
                    0.0,
                    0.0,
                    0.0,
                    1.0
                ]
            ]
        },
        {
            "file_path": "019.png",
            "depth_path": "019_d.png",
            "mask_path": "019_m.png",
            "transform_matrix": [
                [
                    0.0,
                    -0.9961947202682495,
                    -0.08715574443340302,
                    -1.0458688735961914
                ],
                [
                    0.0,
                    -0.08715574443340302,
                    0.9961947202682495,
                    11.954336166381836
                ],
                [
                    -1.0,
                    0.0,
                    0.0,
                    0.0
                ],
                [
                    0.0,
                    0.0,
                    0.0,
                    1.0
                ]
            ],
            "light_direction": [
                [
                    -0.28221914172172546,
                    -0.7816730737686157,
                    -0.5561833381652832,
                    0.0
                ],
                [
                    -0.9104272723197937,
                    0.4009978771209717,
                    -0.10160235315561295,
                    0.0
                ],
                [
                    0.30244821310043335,
                    0.47769033908843994,
                    -0.8248258233070374,
                    0.0
                ],
                [
                    0.0,
                    0.0,
                    0.0,
                    1.0
                ]
            ]
        },
        {
            "file_path": "020.png",
            "depth_path": "020_d.png",
            "mask_path": "020_m.png",
            "transform_matrix": [
                [
                    0.0,
                    -0.9848077297210693,
                    -0.1736481785774231,
                    -2.083778142929077
                ],
                [
                    0.0,
                    -0.1736481785774231,
                    0.9848077297210693,
                    11.817692756652832
                ],
                [
                    -1.0,
                    0.0,
                    0.0,
                    0.0
                ],
                [
                    0.0,
                    0.0,
                    0.0,
                    1.0
                ]
            ],
            "light_direction": [
                [
                    -0.04768800735473633,
                    0.19189247488975525,
                    0.9802567362785339,
                    0.0
                ],
                [
                    0.8619831800460815,
                    0.5037582516670227,
                    -0.05668025091290474,
                    0.0
                ],
                [
                    -0.5046889185905457,
                    0.842261791229248,
                    -0.1894313246011734,
                    0.0
                ],
                [
                    0.0,
                    0.0,
                    0.0,
                    1.0
                ]
            ]
        },
        {
            "file_path": "021.png",
            "depth_path": "021_d.png",
            "mask_path": "021_m.png",
            "transform_matrix": [
                [
                    0.0,
                    -0.9659258127212524,
                    -0.258819043636322,
                    -3.1058285236358643
                ],
                [
                    0.0,
                    -0.258819043636322,
                    0.9659258127212524,
                    11.591110229492188
                ],
                [
                    -1.0,
                    0.0,
                    0.0,
                    0.0
                ],
                [
                    0.0,
                    0.0,
                    0.0,
                    1.0
                ]
            ],
            "light_direction": [
                [
                    0.06593705713748932,
                    -0.6998648047447205,
                    -0.7112255692481995,
                    0.0
                ],
                [
                    0.7315382957458496,
                    -0.45084279775619507,
                    0.5114614963531494,
                    0.0
                ],
                [
                    -0.6786046624183655,
                    -0.5540130138397217,
                    0.4822503924369812,
                    0.0
                ],
                [
                    0.0,
                    0.0,
                    0.0,
                    1.0
                ]
            ]
        },
        {
            "file_path": "022.png",
            "depth_path": "022_d.png",
            "mask_path": "022_m.png",
            "transform_matrix": [
                [
                    0.0,
                    -0.9396926164627075,
                    -0.3420201539993286,
                    -4.104241847991943
                ],
                [
                    0.0,
                    -0.3420201539993286,
                    0.9396926164627075,
                    11.276311874389648
                ],
                [
                    -1.0,
                    0.0,
                    0.0,
                    0.0
                ],
                [
                    0.0,
                    0.0,
                    0.0,
                    1.0
                ]
            ],
            "light_direction": [
                [
                    -0.1239350438117981,
                    0.9788057208061218,
                    -0.16303285956382751,
                    0.0
                ],
                [
                    0.6704468131065369,
                    -0.03852512314915657,
                    -0.7409568428993225,
                    0.0
                ],
                [
                    -0.7315335869789124,
                    -0.2011353075504303,
                    -0.6514626145362854,
                    0.0
                ],
                [
                    0.0,
                    0.0,
                    0.0,
                    1.0
                ]
            ]
        },
        {
            "file_path": "023.png",
            "depth_path": "023_d.png",
            "mask_path": "023_m.png",
            "transform_matrix": [
                [
                    0.0,
                    -0.9063078165054321,
                    -0.4226182699203491,
                    -5.0714192390441895
                ],
                [
                    0.0,
                    -0.4226182699203491,
                    0.9063078165054321,
                    10.875693321228027
                ],
                [
                    -1.0,
                    0.0,
                    0.0,
                    0.0
                ],
                [
                    0.0,
                    0.0,
                    0.0,
                    1.0
                ]
            ],
            "light_direction": [
                [
                    0.8623517751693726,
                    0.13229969143867493,
                    -0.4887189567089081,
                    0.0
                ],
                [
                    -0.29983699321746826,
                    0.9112380146980286,
                    -0.2823881506919861,
                    0.0
                ],
                [
                    0.40797942876815796,
                    0.390053927898407,
                    0.8254760503768921,
                    0.0
                ],
                [
                    0.0,
                    0.0,
                    0.0,
                    1.0
                ]
            ]
        },
        {
            "file_path": "024.png",
            "depth_path": "024_d.png",
            "mask_path": "024_m.png",
            "transform_matrix": [
                [
                    0.0,
                    -0.8660253882408142,
                    -0.5,
                    -6.0
                ],
                [
                    0.0,
                    -0.5,
                    0.8660253882408142,
                    10.392304420471191
                ],
                [
                    -1.0,
                    0.0,
                    0.0,
                    0.0
                ],
                [
                    0.0,
                    0.0,
                    0.0,
                    1.0
                ]
            ],
            "light_direction": [
                [
                    0.5102798938751221,
                    0.28973180055618286,
                    0.8097344636917114,
                    0.0
                ],
                [
                    0.6745113730430603,
                    -0.71893709897995,
                    -0.16782130300998688,
                    0.0
                ],
                [
                    0.5335249304771423,
                    0.6318109631538391,
                    -0.5622866153717041,
                    0.0
                ],
                [
                    0.0,
                    0.0,
                    0.0,
                    1.0
                ]
            ]
        },
        {
            "file_path": "025.png",
            "depth_path": "025_d.png",
            "mask_path": "025_m.png",
            "transform_matrix": [
                [
                    0.0,
                    -0.8191520571708679,
                    -0.5735764503479004,
                    -6.882917404174805
                ],
                [
                    0.0,
                    -0.5735764503479004,
                    0.8191520571708679,
                    9.829824447631836
                ],
                [
                    -1.0,
                    0.0,
                    0.0,
                    0.0
                ],
                [
                    0.0,
                    0.0,
                    0.0,
                    1.0
                ]
            ],
            "light_direction": [
                [
                    0.12360796332359314,
                    -0.9441608190536499,
                    -0.3054202198982239,
                    0.0
                ],
                [
                    -0.5688441395759583,
                    0.1847739815711975,
                    -0.8014206290245056,
                    0.0
                ],
                [
                    0.8131036162376404,
                    0.2727985084056854,
                    -0.5142408013343811,
                    0.0
                ],
                [
                    0.0,
