{
    "camera_angle_x": 0.6911111611634243,
    "frames": [
        {
            "file_path": "000.png",
            "depth_path": "000_d.png",
            "mask_path": "000_m.png",
            "transform_matrix": [
                [
                    0.0,
                    0.0,
                    1.0,
                    12.0
                ],
                [
                    0.0,
                    1.0,
                    0.0,
                    0.0
                ],
                [
                    -1.0,
                    0.0,
                    0.0,
                    0.0
                ],
                [
                    0.0,
                    0.0,
                    0.0,
                    1.0
                ]
            ],
            "light_direction": [
                [
                    0.010972324758768082,
                    -0.7429364919662476,
                    -0.6692720651626587,
                    0.0
                ],
                [
                    0.9924345016479492,
                    0.08994271606206894,
                    -0.08357197791337967,
                    0.0
                ],
                [
                    0.12228486686944962,
                    -0.6632916331291199,
                    0.7383025288581848,
                    0.0
                ],
                [
                    0.0,
                    0.0,
                    0.0,
                    1.0
                ]
            ]
        },
        {
            "file_path": "001.png",
            "depth_path": "001_d.png",
            "mask_path": "001_m.png",
            "transform_matrix": [
                [
                    0.0,
                    -0.08715574443340302,
                    0.9961947202682495,
                    11.954336166381836
                ],
                [
                    0.0,
                    0.9961947202682495,
                    0.08715574443340302,
                    1.0458688735961914
                ],
                [
                    -1.0,
                    0.0,
                    0.0,
                    0.0
                ],
                [
                    0.0,
                    0.0,
                    0.0,
                    1.0
                ]
            ],
            "light_direction": [
                [
                    -0.8519071340560913,
                    0.0414835587143898,
                    0.5220470428466797,
                    0.0
                ],
                [
                    0.3628811836242676,
                    0.7655019760131836,
                    0.5313416719436646,
                    0.0
                ],
                [
                    -0.3775860667228699,
                    0.6420948505401611,
                    -0.6671901345252991,
                    0.0
                ],
                [
                    0.0,
                    0.0,
                    0.0,
                    1.0
                ]
            ]
        },
        {
            "file_path": "002.png",
            "depth_path": "002_d.png",
            "mask_path": "002_m.png",
            "transform_matrix": [
                [
                    0.0,
                    -0.1736481785774231,
                    0.9848077297210693,
                    11.817692756652832
                ],
                [
                    0.0,
                    0.9848077297210693,
                    0.1736481785774231,
                    2.083778142929077
                ],
                [
                    -1.0,
                    0.0,
                    0.0,
                    0.0
                ],
                [
                    0.0,
                    0.0,
                    0.0,
                    1.0
                ]
            ],
            "light_direction": [
                [
                    0.2288713902235031,
                    -0.8369849324226379,
                    0.4970654249191284,
                    0.0
                ],
                [
                    0.40292856097221375,
                    -0.38337185978889465,
                    -0.8310682773590088,
                    0.0
                ],
                [
                    0.8861526250839233,
                    0.3904896080493927,
                    0.24950233101844788,
                    0.0
                ],
                [
                    0.0,
                    0.0,
                    0.0,
                    1.0
                ]
            ]
        },
        {
            "file_path": "003.png",
            "depth_path": "003_d.png",
            "mask_path": "003_m.png",
            "transform_matrix": [
                [
                    0.0,
                    -0.258819043636322,
                    0.9659258127212524,
                    11.591110229492188
                ],
                [
                    0.0,
                    0.9659258127212524,
                    0.258819043636322,
                    3.1058285236358643
                ],
                [
                    -1.0,
                    0.0,
                    0.0,
                    0.0
                ],
                [
                    0.0,
                    0.0,
                    0.0,
                    1.0
                ]
            ],
            "light_direction": [
                [
                    -0.917782187461853,
                    -0.38812559843063354,
                    0.08387326449155807,
                    0.0
                ],
                [
                    0.07103932648897171,
                    0.04732615128159523,
                    0.9963502287864685,
                    0.0
                ],
                [
                    -0.39067840576171875,
                    0.9203906655311584,
                    -0.01586308889091015,
                    0.0
                ],
                [
                    0.0,
                    0.0,
                    0.0,
                    1.0
                ]
            ]
        },
        {
            "file_path": "004.png",
            "depth_path": "004_d.png",
            "mask_path": "004_m.png",
            "transform_matrix": [
                [
                    0.0,
                    -0.3420201539993286,
                    0.9396926164627075,
                    11.276311874389648
                ],
                [
                    0.0,
                    0.9396926164627075,
                    0.3420201539993286,
                    4.104241847991943
                ],
                [
                    -1.0,
                    0.0,
                    0.0,
                    0.0
                ],
                [
                    0.0,
                    0.0,
                    0.0,
                    1.0
                ]
            ],
            "light_direction": [
                [
                    -0.14356668293476105,
                    -0.9746619462966919,
                    -0.17153064906597137,
                    0.0
                ],
                [
                    -0.9295367002487183,
                    0.07332295924425125,
                    0.3613658845424652,
                    0.0
                ],
                [
                    -0.33963245153427124,
                    0.21132411062717438,
                    -0.916510820388794,
                    0.0
                ],
                [
                    0.0,
                    0.0,
                    0.0,
                    1.0
                ]
            ]
        },
        {
            "file_path": "005.png",
            "depth_path": "005_d.png",
            "mask_path": "005_m.png",
            "transform_matrix": [
                [
                    0.0,
                    -0.4226182699203491,
                    0.9063078165054321,
                    10.875693321228027
                ],
                [
                    0.0,
                    0.9063078165054321,
                    0.4226182699203491,
                    5.0714192390441895
                ],
                [
                    -1.0,
                    0.0,
                    0.0,
                    0.0
                ],
                [
                    0.0,
                    0.0,
                    0.0,
                    1.0
                ]
            ],
            "light_direction": [
                [
                    0.5369149446487427,
                    -0.7968652248382568,
                    0.27699851989746094,
                    0.0
                ],
                [
                    -0.8360326886177063,
                    -0.5465613007545471,
                    0.04816931486129761,
                    0.0
                ],
                [
                    0.11301220953464508,
                    -0.2574426233768463,
                    -0.9596623182296753,
                    0.0
                ],
                [
                    0.0,
                    0.0,
                    0.0,
                    1.0
                ]
            ]
        },
        {
            "file_path": "006.png",
            "depth_path": "006_d.png",
            "mask_path": "006_m.png",
            "transform_matrix": [
                [
                    0.0,
                    -0.5,
                    0.8660253882408142,
                    10.392304420471191
                ],
                [
                    0.0,
                    0.8660253882408142,
                    0.5,
                    6.0
                ],
                [
                    -1.0,
                    0.0,
                    0.0,
                    0.0
                ],
                [
                    0.0,
                    0.0,
                    0.0,
                    1.0
                ]
            ],
            "light_direction": [
                [
                    0.48941466212272644,
                    0.18636004626750946,
                    -0.8519057631492615,
                    0.0
                ],
                [
                    0.8359116911888123,
                    0.1780608892440796,
                    0.5191783905029297,
                    0.0
                ],
                [
                    0.2484452873468399,
                    -0.9662114381790161,
                    -0.06863497942686081,
                    0.0
                ],
                [
                    0.0,
                    0.0,
                    0.0,
                    1.0
                ]
            ]
        },
        {
            "file_path": "007.png",
            "depth_path": "007_d.png",
            "mask_path": "007_m.png",
            "transform_matrix": [
                [
                    0.0,
                    -0.5735764503479004,
                    0.8191520571708679,
                    9.829824447631836
                ],
                [
                    0.0,
                    0.8191520571708679,
                    0.5735764503479004,
                    6.882917404174805
                ],
                [
                    -1.0,
                    0.0,
                    0.0,
                    0.0
                ],
                [
                    0.0,
                    0.0,
                    0.0,
                    1.0
                ]
            ],
            "light_direction": [
                [
                    0.41615527868270874,
                    0.3786581754684448,
                    0.8266999125480652,
                    0.0
                ],
                [
                    0.8564240336418152,
                    -0.46871787309646606,
                    -0.21642853319644928,
                    0.0
                ],
                [
                    0.3055366575717926,
                    0.7980735301971436,
                    -0.5193513035774231,
                    0.0
                ],
                [
                    0.0,
                    0.0,
                    0.0,
                    1.0
                ]
            ]
        },
        {
            "file_path": "008.png",
            "depth_path": "008_d.png",
            "mask_path": "008_m.png",
            "transform_matrix": [
                [
                    0.0,
                    -0.6427876353263855,
                    0.7660444378852844,
                    9.192533493041992
                ],
                [
                    0.0,
                    0.7660444378852844,
                    0.6427876353263855,
                    7.713451385498047
                ],
                [
                    -1.0,
                    0.0,
                    0.0,
                    0.0
                ],
                [
                    0.0,
                    0.0,
                    0.0,
                    1.0
                ]
            ],
            "light_direction": [
                [
                    0.7227743864059448,
                    0.5513650178909302,
                    -0.4166458547115326,
                    0.0
                ],
                [
                    0.3640826642513275,
                    0.2086424082517624,
                    0.9076961278915405,
                    0.0
                ],
                [
                    0.5874019265174866,
                    -0.8077530860900879,
                    -0.04994106665253639,
                    0.0
                ],
                [
                    0.0,
                    0.0,
                    0.0,
                    1.0
                ]
            ]
        },
        {
            "file_path": "009.png",
            "depth_path": "009_d.png",
            "mask_path": "009_m.png",
            "transform_matrix": [
                [
                    0.0,
                    -0.7071067690849304,
                    0.7071067690849304,
                    8.485280990600586
                ],
                [
                    0.0,
                    0.7071067690849304,
                    0.7071067690849304,
                    8.485280990600586
                ],
                [
                    -1.0,
                    0.0,
                    0.0,
                    0.0
                ],
                [
                    0.0,
                    0.0,
                    0.0,
                    1.0
                ]
            ],
            "light_direction": [
                [
                    -0.02789226360619068,
                    0.1354580521583557,
                    0.990390419960022,
                    0.0
                ],
                [
                    0.5831385850906372,
                    0.8069227337837219,
                    -0.09394187480211258,
                    0.0
                ],
                [
                    -0.8118937015533447,
                    0.5749146342277527,
                    -0.10149772465229034,
                    0.0
                ],
                [
                    0.0,
                    0.0,
                    0.0,
                    1.0
                ]
            ]
        },
        {
            "file_path": "010.png",
            "depth_path": "010_d.png",
            "mask_path": "010_m.png",
            "transform_matrix": [
                [
                    0.0,
                    -0.7660444378852844,
                    0.6427876353263855,
                    7.713451385498047
                ],
                [
                    0.0,
                    0.6427876353263855,
                    0.7660444378852844,
                    9.192533493041992
                ],
                [
                    -1.0,
                    0.0,
                    0.0,
                    0.0
                ],
                [
                    0.0,
                    0.0,
                    0.0,
                    1.0
                ]
            ],
            "light_direction": [
                [
                    0.059910763055086136,
                    0.9517329931259155,
                    0.3010232746601105,
                    0.0
                ],
                [
                    0.004595212172716856,
                    -0.3018247187137604,
                    0.9533523321151733,
                    0.0
                ],
                [
                    0.9981931447982788,
                    -0.055732790380716324,
                    -0.02245595119893551,
                    0.0
                ],
                [
                    0.0,
                    0.0,
                    0.0,
                    1.0
                ]
            ]
        },
        {
            "file_path": "011.png",
            "depth_path": "011_d.png",
            "mask_path": "011_m.png",
            "transform_matrix": [
                [
                    0.0,
                    -0.8191520571708679,
                    0.5735764503479004,
                    6.882917404174805
                ],
                [
                    0.0,
                    0.5735764503479004,
                    0.8191520571708679,
                    9.829824447631836
                ],
                [
                    -1.0,
                    0.0,
                    0.0,
                    0.0
                ],
                [
                    0.0,
                    0.0,
                    0.0,
                    1.0
                ]
            ],
            "light_direction": [
                [
                    -0.05362396314740181,
                    -0.3639547526836395,
                    0.9298717379570007,
                    0.0
                ],
                [
                    0.6475995182991028,
                    0.696150541305542,
                    0.30982136726379395,
                    0.0
                ],
                [
                    -0.7600916624069214,
                    0.6187983155250549,
                    0.19836655259132385,
                    0.0
                ],
                [
                    0.0,
                    0.0,
                    0.0,
                    1.0
                ]
            ]
        },
        {
            "file_path": "012.png",
            "depth_path": "012_d.png",
            "mask_path": "012_m.png",
            "transform_matrix": [
                [
                    0.0,
                    -0.8660253882408142,
                    0.5,
                    6.0
                ],
                [
                    0.0,
                    0.5,
                    0.8660253882408142,
                    10.392304420471191
                ],
                [
                    -1.0,
                    0.0,
                    0.0,
                    0.0
                ],
                [
                    0.0,
                    0.0,
                    0.0,
                    1.0
                ]
            ],
            "light_direction": [
                [
                    -0.9482395648956299,
                    -0.2005331814289093,
                    -0.24622859060764313,
                    0.0
                ],
                [
                    -0.2853895425796509,
                    0.19809839129447937,
                    0.9377152919769287,
                    0.0
                ],
                [
                    -0.1392655074596405,
                    0.9594496488571167,
                    -0.24507494270801544,
                    0.0
                ],
                [
                    0.0,
                    0.0,
                    0.0,
                    1.0
                ]
            ]
        },
        {
            "file_path": "013.png",
            "depth_path": "013_d.png",
            "mask_path": "013_m.png",
            "transform_matrix": [
                [
                    0.0,
                    -0.9063078165054321,
                    0.4226182699203491,
                    5.0714192390441895
                ],
                [
                    0.0,
                    0.4226182699203491,
                    0.9063078165054321,
                    10.875693321228027
                ],
                [
                    -1.0,
                    0.0,
                    0.0,
                    0.0
                ],
                [
                    0.0,
                    0.0,
                    0.0,
                    1.0
                ]
            ],
            "light_direction": [
                [
                    -0.06733916699886322,
                    -0.2764185070991516,
                    -0.95867520570755,
                    0.0
                ],
                [
                    0.8671891689300537,
                    0.45895448327064514,
                    -0.19324514269828796,
                    0.0
                ],
                [
                    0.4934048354625702,
                    -0.8443657755851746,
                    0.20880155265331268,
                    0.0
                ],
                [
                    0.0,
                    0.0,
                    0.0,
                    1.0
                ]
            ]
        },
        {
            "file_path": "014.png",
            "depth_path": "014_d.png",
            "mask_path": "014_m.png",
            "transform_matrix": [
                [
                    0.0,
                    -0.9396926164627075,
                    0.3420201539993286,
                    4.104241847991943
                ],
                [
                    0.0,
                    0.3420201539993286,
                    0.9396926164627075,
                    11.276311874389648
                ],
                [
                    -1.0,
                    0.0,
                    0.0,
                    0.0
                ],
                [
                    0.0,
                    0.0,
                    0.0,
                    1.0
                ]
            ],
            "light_direction": [
                [
                    -0.2602611780166626,
                    -0.7889341711997986,
                    -0.5566388964653015,
                    0.0
                ],
                [
                    -0.44099411368370056,
                    0.6099898815155029,
                    -0.6583589315414429,
                    0.0
                ],
                [
                    0.8589460253715515,
                    0.07412918657064438,
                    -0.5066720247268677,
                    0.0
                ],
                [
                    0.0,
                    0.0,
                    0.0,
                    1.0
                ]
            ]
        },
        {
            "file_path": "015.png",
            "depth_path": "015_d.png",
            "mask_path": "015_m.png",
            "transform_matrix": [
                [
                    0.0,
                    -0.9659258127212524,
                    0.258819043636322,
                    3.1058285236358643
                ],
                [
                    0.0,
                    0.258819043636322,
                    0.9659258127212524,
                    11.591110229492188
                ],
                [
                    -1.0,
                    0.0,
                    0.0,
                    0.0
                ],
                [
                    0.0,
                    0.0,
                    0.0,
                    1.0
                ]
            ],
            "light_direction": [
                [
                    0.8894829750061035,
                    0.16392864286899567,
                    0.426552951335907,
                    0.0
                ],
                [
                    0.4546593129634857,
                    -0.41118985414505005,
                    -0.7900678515434265,
                    0.0
                ],
                [
                    0.045879606157541275,
                    0.8966881632804871,
                    -0.440278023481369,
                    0.0
                ],
                [
                    0.0,
                    0.0,
                    0.0,
                    1.0
                ]
            ]
        },
        {
            "file_path": "016.png",
            "depth_path": "016_d.png",
            "mask_path": "016_m.png",
            "transform_matrix": [
                [
                    0.0,
                    -0.9848077297210693,
                    0.1736481785774231,
                    2.083778142929077
                ],
                [
                    0.0,
                    0.1736481785774231,
                    0.9848077297210693,
                    11.817692756652832
                ],
                [
                    -1.0,
                    0.0,
                    0.0,
                    0.0
                ],
                [
                    0.0,
                    0.0,
                    0.0,
                    1.0
                ]
            ],
            "light_direction": [
                [
                    0.665624737739563,
                    0.4982340335845947,
                    -0.5556137561798096,
                    0.0
                ],
                [
                    0.26676759123802185,
                    -0.8541632294654846,
                    -0.4463639259338379,
                    0.0
                ],
                [
                    -0.6969783902168274,
                    0.1488911658525467,
                    -0.7014648914337158,
                    0.0
                ],
                [
                    0.0,
                    0.0,
                    0.0,
                    1.0
                ]
            ]
        },
        {
            "file_path": "017.png",
            "depth_path": "017_d.png",
            "mask_path": "017_m.png",
            "transform_matrix": [
                [
                    0.0,
                    -0.9961947202682495,
                    0.08715574443340302,
                    1.0458688735961914
                ],
                [
                    0.0,
                    0.08715574443340302,
                    0.9961947202682495,
                    11.954336166381836
                ],
                [
                    -1.0,
                    0.0,
                    0.0,
                    0.0
                ],
                [
                    0.0,
                    0.0,
                    0.0,
                    1.0
                ]
            ],
            "light_direction": [
                [
                    0.26723313331604004,
                    0.3291870057582855,
                    -0.9056613445281982,
                    0.0
                ],
                [
                    0.1831950694322586,
                    -0.9400567412376404,
                    -0.28763362765312195,
                    0.0
                ],
                [
                    -0.9460582137107849,
                    -0.08904743194580078,
                    -0.3115198016166687,
                    0.0
                ],
                [
                    0.0,
                    0.0,
                    0.0,
                    1.0
                ]
            ]
        },
        {
            "file_path": "018.png",
            "depth_path": "018_d.png",
            "mask_path": "018_m.png",
            "transform_matrix": [
                [
                    0.0,
                    -1.0,
                    6.123234262925839e-17,
                    7.347880586115415e-16
                ],
                [
                    0.0,
                    6.123234262925839e-17,
                    1.0,
                    12.0
                ],
                [
                    -1.0,
                    0.0,
                    0.0,
                    0.0
                ],
                [
                    0.0,
                    0.0,
                    0.0,
                    1.0
                ]
            ],
            "light_direction": [
                [
                    -0.24324694275856018,
                    -0.1891424059867859,
                    -0.9513442516326904,
                    0.0
                ],
                [
                    0.9120604991912842,
                    0.2892031669616699,
                    -0.29070085287094116,
                    0.0
                ],
                [
                    0.33011558651924133,
                    -0.9383957386016846,
                    0.10216163098812103,
                    0.0
                ],
                [
                    0.0,
                    0.0,
                    0.0,
                    1.0
                ]
            ]
        },
        {
            "file_path": "019.png",
            "depth_path": "019_d.png",
            "mask_path": "019_m.png",
            "transform_matrix": [
                [
                    0.0,
                    -0.9961947202682495,
                    -0.08715574443340302,
                    -1.0458688735961914
                ],
                [
                    0.0,
                    -0.08715574443340302,
                    0.9961947202682495,
                    11.954336166381836
                ],
                [
                    -1.0,
                    0.0,
                    0.0,
                    0.0
                ],
                [
                    0.0,
                    0.0,
                    0.0,
                    1.0
                ]
            ],
            "light_direction": [
                [
                    -0.1706412434577942,
                    0.6458913683891296,
                    0.7441139221191406,
                    0.0
                ],
                [
                    0.17756223678588867,
                    0.7629842162132263,
                    -0.6215518116950989,
                    0.0
                ],
                [
                    -0.9692021608352661,
                    0.0260640699416399,
                    -0.2448824793100357,
                    0.0
                ],
                [
                    0.0,
                    0.0,
                    0.0,
                    1.0
                ]
            ]
        },
        {
            "file_path": "020.png",
            "depth_path": "020_d.png",
            "mask_path": "020_m.png",
            "transform_matrix": [
                [
                    0.0,
                    -0.9848077297210693,
                    -0.1736481785774231,
                    -2.083778142929077
                ],
                [
                    0.0,
                    -0.1736481785774231,
                    0.9848077297210693,
                    11.817692756652832
                ],
                [
                    -1.0,
                    0.0,
                    0.0,
                    0.0
                ],
                [
                    0.0,
                    0.0,
                    0.0,
                    1.0
                ]
            ],
            "light_direction": [
                [
                    0.23797468841075897,
                    -0.9518135786056519,
                    -0.1934397667646408,
                    0.0
                ],
                [
                    0.03230684623122215,
                    0.20680826902389526,
                    -0.9778479337692261,
                    0.0
                ],
                [
                    0.9707338809967041,
                    0.22645360231399536,
                    0.0799652561545372,
                    0.0
                ],
                [
                    0.0,
                    0.0,
                    0.0,
                    1.0
                ]
            ]
        },
        {
            "file_path": "021.png",
            "depth_path": "021_d.png",
            "mask_path": "021_m.png",
            "transform_matrix": [
                [
                    0.0,
                    -0.9659258127212524,
                    -0.258819043636322,
                    -3.1058285236358643
                ],
                [
                    0.0,
                    -0.258819043636322,
                    0.9659258127212524,
                    11.591110229492188
                ],
                [
                    -1.0,
                    0.0,
                    0.0,
                    0.0
                ],
                [
                    0.0,
                    0.0,
                    0.0,
                    1.0
                ]
            ],
            "light_direction": [
                [
                    0.125348761677742,
                    -0.27017590403556824,
                    0.9546166062355042,
                    0.0
                ],
                [
                    0.9807366728782654,
                    -0.11155123263597488,
                    -0.16034987568855286,
                    0.0
                ],
                [
                    0.14981122314929962,
                    0.9563270807266235,
                    0.2509884834289551,
                    0.0
                ],
                [
                    0.0,
                    0.0,
                    0.0,
                    1.0
                ]
            ]
        },
        {
            "file_path": "022.png",
            "depth_path": "022_d.png",
            "mask_path": "022_m.png",
            "transform_matrix": [
                [
                    0.0,
                    -0.9396926164627075,
                    -0.3420201539993286,
                    -4.104241847991943
                ],
                [
                    0.0,
                    -0.3420201539993286,
                    0.9396926164627075,
                    11.276311874389648
                ],
                [
                    -1.0,
                    0.0,
                    0.0,
                    0.0
                ],
                [
                    0.0,
                    0.0,
                    0.0,
                    1.0
                ]
            ],
            "light_direction": [
                [
                    -0.014268182218074799,
                    0.32711610198020935,
                    -0.9448765516281128,
                    0.0
                ],
                [
                    -0.9805509448051453,
                    -0.18957088887691498,
                    -0.05082258582115173,
                    0.0
                ],
                [
                    -0.19574587047100067,
                    0.925774335861206,
                    0.3234587013721466,
                    0.0
                ],
                [
                    0.0,
                    0.0,
                    0.0,
                    1.0
                ]
            ]
        },
        {
            "file_path": "023.png",
            "depth_path": "023_d.png",
            "mask_path": "023_m.png",
            "transform_matrix": [
                [
                    0.0,
                    -0.9063078165054321,
                    -0.4226182699203491,
                    -5.0714192390441895
                ],
                [
                    0.0,
                    -0.4226182699203491,
                    0.9063078165054321,
                    10.875693321228027
                ],
                [
                    -1.0,
                    0.0,
                    0.0,
                    0.0
                ],
                [
                    0.0,
                    0.0,
                    0.0,
                    1.0
                ]
            ],
            "light_direction": [
                [
                    0.27507254481315613,
                    -0.7877026796340942,
                    0.5512344837188721,
                    0.0
                ],
                [
                    -0.9606298804283142,
                    -0.2484739124774933,
                    0.1243015006184578,
                    0.0
                ],
                [
                    0.039054788649082184,
                    -0.5637242794036865,
                    -0.8250390887260437,
                    0.0
                ],
                [
                    0.0,
                    0.0,
                    0.0,
                    1.0
                ]
            ]
        },
        {
            "file_path": "024.png",
            "depth_path": "024_d.png",
            "mask_path": "024_m.png",
            "transform_matrix": [
                [
                    0.0,
                    -0.8660253882408142,
                    -0.5,
                    -6.0
                ],
                [
                    0.0,
                    -0.5,
                    0.8660253882408142,
                    10.392304420471191
                ],
                [
                    -1.0,
                    0.0,
                    0.0,
                    0.0
                ],
                [
                    0.0,
                    0.0,
                    0.0,
                    1.0
                ]
            ],
            "light_direction": [
                [
                    -0.05003832280635834,
                    0.09270841628313065,
                    0.99443519115448,
                    0.0
                ],
                [
                    -0.9250491857528687,
                    0.37107962369918823,
                    -0.08114161342382431,
                    0.0
                ],
                [
                    -0.37653717398643494,
                    -0.9239616394042969,
                    0.06719161570072174,
                    0.0
                ],
                [
                    0.0,
                    0.0,
                    0.0,
                    1.0
                ]
            ]
        },
        {
            "file_path": "025.png",
            "depth_path": "025_d.png",
            "mask_path": "025_m.png",
            "transform_matrix": [
                [
                    0.0,
                    -0.8191520571708679,
                    -0.5735764503479004,
                    -6.882917404174805
                ],
                [
                    0.0,
                    -0.5735764503479004,
                    0.8191520571708679,
                    9.829824447631836
                ],
                [
                    -1.0,
                    0.0,
                    0.0,
                    0.0
                ],
                [
                    0.0,
                    0.0,
                    0.0,
                    1.0
                ]
            ],
            "light_direction": [
                [
                    0.13204248249530792,
                    0.9095038175582886,
                    -0.3941667675971985,
                    0.0
                ],
                [
                    0.265061616897583,
                    0.3507712781429291,
                    0.898165762424469,
                    0.0
                ],
                [
                    0.9551476240158081,
                    -0.22307445108890533,
                    -0.19475780427455902,
                    0.0
                ],
                [
                    0.0,
