{
    "camera_angle_x": 0.6911111611634243,
    "frames": [
        {
            "file_path": "000.png",
            "depth_path": "000_d.png",
            "mask_path": "000_m.png",
            "transform_matrix": [
                [
                    0.0,
                    0.0,
                    1.0,
                    12.0
                ],
                [
                    0.0,
                    1.0,
                    0.0,
                    0.0
                ],
                [
                    -1.0,
                    0.0,
                    0.0,
                    0.0
                ],
                [
                    0.0,
                    0.0,
                    0.0,
                    1.0
                ]
            ],
            "light_direction": [
                [
                    0.41350290179252625,
                    0.24844123423099518,
                    0.8759522438049316,
                    0.0
                ],
                [
                    0.9019464254379272,
                    0.019813382998108864,
                    -0.4313933253288269,
                    0.0
                ],
                [
                    -0.12453151494264603,
                    0.9684443473815918,
                    -0.21588781476020813,
                    0.0
                ],
                [
                    0.0,
                    0.0,
                    0.0,
                    1.0
                ]
            ]
        },
        {
            "file_path": "001.png",
            "depth_path": "001_d.png",
            "mask_path": "001_m.png",
            "transform_matrix": [
                [
                    0.0,
                    -0.017452405765652657,
                    0.9998477101325989,
                    11.998172760009766
                ],
                [
                    0.0,
                    0.9998477101325989,
                    0.017452405765652657,
                    0.20942887663841248
                ],
                [
                    -1.0,
                    0.0,
                    0.0,
                    0.0
                ],
                [
                    0.0,
                    0.0,
                    0.0,
                    1.0
                ]
            ],
            "light_direction": [
                [
                    -0.47416964173316956,
                    0.40313655138015747,
                    -0.7827157378196716,
                    0.0
                ],
                [
                    -0.775708019733429,
                    -0.6118086576461792,
                    0.1548132598400116,
                    0.0
                ],
                [
                    -0.41646143794059753,
                    0.680566668510437,
                    0.6028174161911011,
                    0.0
                ],
                [
                    0.0,
                    0.0,
                    0.0,
                    1.0
                ]
            ]
        },
        {
            "file_path": "002.png",
            "depth_path": "002_d.png",
            "mask_path": "002_m.png",
            "transform_matrix": [
                [
                    0.0,
                    -0.03489949554204941,
                    0.9993908405303955,
                    11.992690086364746
                ],
                [
                    0.0,
                    0.9993908405303955,
                    0.03489949554204941,
                    0.4187939465045929
                ],
                [
                    -1.0,
                    0.0,
                    0.0,
                    0.0
                ],
                [
                    0.0,
                    0.0,
                    0.0,
                    1.0
                ]
            ],
            "light_direction": [
                [
                    0.16553619503974915,
                    0.3386659026145935,
                    -0.9262307286262512,
                    0.0
                ],
                [
                    -0.8513390421867371,
                    -0.4250105321407318,
                    -0.30755195021629333,
                    0.0
                ],
                [
                    -0.4978150427341461,
                    0.8394472599029541,
                    0.21796473860740662,
                    0.0
                ],
                [
                    0.0,
                    0.0,
                    0.0,
                    1.0
                ]
            ]
        },
        {
            "file_path": "003.png",
            "depth_path": "003_d.png",
            "mask_path": "003_m.png",
            "transform_matrix": [
                [
                    0.0,
                    -0.0523359552025795,
                    0.9986295104026794,
                    11.98355484008789
                ],
                [
                    0.0,
                    0.9986295104026794,
                    0.0523359552025795,
                    0.6280314922332764
                ],
                [
                    -1.0,
                    0.0,
                    0.0,
                    0.0
                ],
                [
                    0.0,
                    0.0,
                    0.0,
                    1.0
                ]
            ],
            "light_direction": [
                [
                    -0.06832776963710785,
                    -0.038599107414484024,
                    -0.9969159960746765,
                    0.0
                ],
                [
                    0.3777971863746643,
                    0.9238327145576477,
                    -0.06166330724954605,
                    0.0
                ],
                [
                    0.9233638048171997,
                    -0.3808453679084778,
                    -0.04854080080986023,
                    0.0
                ],
                [
                    0.0,
                    0.0,
                    0.0,
                    1.0
                ]
            ]
        },
        {
            "file_path": "004.png",
            "depth_path": "004_d.png",
            "mask_path": "004_m.png",
            "transform_matrix": [
                [
                    0.0,
                    -0.06975647062063217,
                    0.9975640773773193,
                    11.970768928527832
                ],
                [
                    0.0,
                    0.9975640773773193,
                    0.06975647062063217,
                    0.8370776772499084
                ],
                [
                    -1.0,
                    0.0,
                    0.0,
                    0.0
                ],
                [
                    0.0,
                    0.0,
                    0.0,
                    1.0
                ]
            ],
            "light_direction": [
                [
                    0.008191455155611038,
                    0.0748283788561821,
                    -0.9971628785133362,
                    0.0
                ],
                [
                    0.8320775032043457,
                    -0.553572952747345,
                    -0.03470539301633835,
                    0.0
                ],
                [
                    -0.5545991659164429,
                    -0.8294323682785034,
                    -0.06679775565862656,
                    0.0
                ],
                [
                    0.0,
                    0.0,
                    0.0,
                    1.0
                ]
            ]
        },
        {
            "file_path": "005.png",
            "depth_path": "005_d.png",
            "mask_path": "005_m.png",
            "transform_matrix": [
                [
                    0.0,
                    -0.08715574443340302,
                    0.9961947202682495,
                    11.954336166381836
                ],
                [
                    0.0,
                    0.9961947202682495,
                    0.08715574443340302,
                    1.0458688735961914
                ],
                [
                    -1.0,
                    0.0,
                    0.0,
                    0.0
                ],
                [
                    0.0,
                    0.0,
                    0.0,
                    1.0
                ]
            ],
            "light_direction": [
                [
                    0.13827826082706451,
                    -0.9280831813812256,
                    -0.3457469642162323,
                    0.0
                ],
                [
                    -0.34433773159980774,
                    0.2822699248790741,
                    -0.8954079747200012,
                    0.0
                ],
                [
                    0.9286069869995117,
                    0.2428692877292633,
                    -0.2805423140525818,
                    0.0
                ],
                [
                    0.0,
                    0.0,
                    0.0,
                    1.0
                ]
            ]
        },
        {
            "file_path": "006.png",
            "depth_path": "006_d.png",
            "mask_path": "006_m.png",
            "transform_matrix": [
                [
                    0.0,
                    -0.10452846437692642,
                    0.9945219159126282,
                    11.9342622756958
                ],
                [
                    0.0,
                    0.9945219159126282,
                    0.10452846437692642,
                    1.2543416023254395
                ],
                [
                    -1.0,
                    0.0,
                    0.0,
                    0.0
                ],
                [
                    0.0,
                    0.0,
                    0.0,
                    1.0
                ]
            ],
            "light_direction": [
                [
                    -0.5920671820640564,
                    0.49900615215301514,
                    -0.632810652256012,
                    0.0
                ],
                [
                    -0.6251475214958191,
                    0.2111518532037735,
                    0.7514023780822754,
                    0.0
                ],
                [
                    0.5085735321044922,
                    0.8404806852340698,
                    0.1869363635778427,
                    0.0
                ],
                [
                    0.0,
                    0.0,
                    0.0,
                    1.0
                ]
            ]
        },
        {
            "file_path": "007.png",
            "depth_path": "007_d.png",
            "mask_path": "007_m.png",
            "transform_matrix": [
                [
                    0.0,
                    -0.12186934053897858,
                    0.9925461411476135,
                    11.910553932189941
                ],
                [
                    0.0,
                    0.9925461411476135,
                    0.12186934053897858,
                    1.4624321460723877
                ],
                [
                    -1.0,
                    0.0,
                    0.0,
                    0.0
                ],
                [
                    0.0,
                    0.0,
                    0.0,
                    1.0
                ]
            ],
            "light_direction": [
                [
                    0.268775075674057,
                    -0.5710415840148926,
                    0.7756748795509338,
                    0.0
                ],
                [
                    -0.9210673570632935,
                    0.08320654928684235,
                    0.3804098963737488,
                    0.0
                ],
                [
                    -0.28177112340927124,
                    -0.8166934847831726,
                    -0.5036039352416992,
                    0.0
                ],
                [
                    0.0,
                    0.0,
                    0.0,
                    1.0
                ]
            ]
        },
        {
            "file_path": "008.png",
            "depth_path": "008_d.png",
            "mask_path": "008_m.png",
            "transform_matrix": [
                [
                    0.0,
                    -0.13917310535907745,
                    0.9902680516242981,
                    11.883216857910156
                ],
                [
                    0.0,
                    0.9902680516242981,
                    0.13917310535907745,
                    1.6700772047042847
                ],
                [
                    -1.0,
                    0.0,
                    0.0,
                    0.0
                ],
                [
                    0.0,
                    0.0,
                    0.0,
                    1.0
                ]
            ],
            "light_direction": [
                [
                    -0.2523372173309326,
                    0.8711079359054565,
                    -0.42130380868911743,
                    0.0
                ],
                [
                    -0.33384770154953003,
                    0.3302849531173706,
                    0.8828689455986023,
                    0.0
                ],
                [
                    0.9082244634628296,
                    0.36343199014663696,
                    0.20747420191764832,
                    0.0
                ],
                [
                    0.0,
                    0.0,
                    0.0,
                    1.0
                ]
            ]
        },
        {
            "file_path": "009.png",
            "depth_path": "009_d.png",
            "mask_path": "009_m.png",
            "transform_matrix": [
                [
                    0.0,
                    -0.15643446147441864,
                    0.9876883625984192,
                    11.852259635925293
                ],
                [
                    0.0,
                    0.9876883625984192,
                    0.15643446147441864,
                    1.8772135972976685
                ],
                [
                    -1.0,
                    0.0,
                    0.0,
                    0.0
                ],
                [
                    0.0,
                    0.0,
                    0.0,
                    1.0
                ]
            ],
            "light_direction": [
                [
                    -0.3710051476955414,
                    -0.1720394343137741,
                    0.9125556945800781,
                    0.0
                ],
                [
                    0.9013956785202026,
                    -0.3029650151729584,
                    0.30935147404670715,
                    0.0
                ],
                [
                    0.22325167059898376,
                    0.9373446106910706,
                    0.26747697591781616,
                    0.0
                ],
                [
                    0.0,
                    0.0,
                    0.0,
                    1.0
                ]
            ]
        },
        {
            "file_path": "010.png",
            "depth_path": "010_d.png",
            "mask_path": "010_m.png",
            "transform_matrix": [
                [
                    0.0,
                    -0.1736481785774231,
                    0.9848077297210693,
                    11.817692756652832
                ],
                [
                    0.0,
                    0.9848077297210693,
                    0.1736481785774231,
                    2.083778142929077
                ],
                [
                    -1.0,
                    0.0,
                    0.0,
                    0.0
                ],
                [
                    0.0,
                    0.0,
                    0.0,
                    1.0
                ]
            ],
            "light_direction": [
                [
                    0.51019287109375,
                    -0.8303021192550659,
                    -0.2242802083492279,
                    0.0
                ],
                [
                    -0.8223974704742432,
                    -0.5472955703735352,
                    0.15533828735351562,
                    0.0
                ],
                [
                    -0.25172528624534607,
                    0.10519497841596603,
                    -0.9620646834373474,
                    0.0
                ],
                [
                    0.0,
                    0.0,
                    0.0,
                    1.0
                ]
            ]
        },
        {
            "file_path": "011.png",
            "depth_path": "011_d.png",
            "mask_path": "011_m.png",
            "transform_matrix": [
                [
                    0.0,
                    -0.1908089965581894,
                    0.9816271662712097,
                    11.779525756835938
                ],
                [
                    0.0,
                    0.9816271662712097,
                    0.1908089965581894,
                    2.289707899093628
                ],
                [
                    -1.0,
                    0.0,
                    0.0,
                    0.0
                ],
                [
                    0.0,
                    0.0,
                    0.0,
                    1.0
                ]
            ],
            "light_direction": [
                [
                    -0.5274871587753296,
                    0.8029423356056213,
                    -0.2775624394416809,
                    0.0
                ],
                [
                    -0.6487407684326172,
                    -0.16974620521068573,
                    0.741836667060852,
                    0.0
                ],
                [
                    0.5485368967056274,
                    0.5713753700256348,
                    0.6104403734207153,
                    0.0
                ],
                [
                    0.0,
                    0.0,
                    0.0,
                    1.0
                ]
            ]
        },
        {
            "file_path": "012.png",
            "depth_path": "012_d.png",
            "mask_path": "012_m.png",
            "transform_matrix": [
                [
                    0.0,
                    -0.2079116851091385,
                    0.9781476259231567,
                    11.737771034240723
                ],
                [
                    0.0,
                    0.9781476259231567,
                    0.2079116851091385,
                    2.4949402809143066
                ],
                [
                    -1.0,
                    0.0,
                    0.0,
                    0.0
                ],
                [
                    0.0,
                    0.0,
                    0.0,
                    1.0
                ]
            ],
            "light_direction": [
                [
                    -0.582298219203949,
                    -0.48608270287513733,
                    0.651653528213501,
                    0.0
                ],
                [
                    -0.044450562447309494,
                    -0.7813310623168945,
                    -0.6225317716598511,
                    0.0
                ],
                [
                    0.8117591142654419,
                    -0.39146554470062256,
                    0.43336111307144165,
                    0.0
                ],
                [
                    0.0,
                    0.0,
                    0.0,
                    1.0
                ]
            ]
        },
        {
            "file_path": "013.png",
            "depth_path": "013_d.png",
            "mask_path": "013_m.png",
            "transform_matrix": [
                [
                    0.0,
                    -0.22495105862617493,
                    0.9743700623512268,
                    11.6924409866333
                ],
                [
                    0.0,
                    0.9743700623512268,
                    0.22495105862617493,
                    2.6994125843048096
                ],
                [
                    -1.0,
                    0.0,
                    0.0,
                    0.0
                ],
                [
                    0.0,
                    0.0,
                    0.0,
                    1.0
                ]
            ],
            "light_direction": [
                [
                    -0.7498770952224731,
                    0.5933252573013306,
                    0.2926587760448456,
                    0.0
                ],
                [
                    0.31696224212646484,
                    0.710493803024292,
                    -0.6282781362533569,
                    0.0
                ],
                [
                    -0.5807055234909058,
                    -0.3783697187900543,
                    -0.7208447456359863,
                    0.0
                ],
                [
                    0.0,
                    0.0,
                    0.0,
                    1.0
                ]
            ]
        },
        {
            "file_path": "014.png",
            "depth_path": "014_d.png",
            "mask_path": "014_m.png",
            "transform_matrix": [
                [
                    0.0,
                    -0.24192190170288086,
                    0.9702957272529602,
                    11.643548965454102
                ],
                [
                    0.0,
                    0.9702957272529602,
                    0.24192190170288086,
                    2.9030628204345703
                ],
                [
                    -1.0,
                    0.0,
                    0.0,
                    0.0
                ],
                [
                    0.0,
                    0.0,
                    0.0,
                    1.0
                ]
            ],
            "light_direction": [
                [
                    0.05159705877304077,
                    -0.8536204695701599,
                    0.5183336734771729,
                    0.0
                ],
                [
                    0.3368934392929077,
                    -0.4737228453159332,
                    -0.8136886954307556,
                    0.0
                ],
                [
                    0.9401279091835022,
                    0.21660713851451874,
                    0.26313650608062744,
                    0.0
                ],
                [
                    0.0,
                    0.0,
                    0.0,
                    1.0
                ]
            ]
        },
        {
            "file_path": "015.png",
            "depth_path": "015_d.png",
            "mask_path": "015_m.png",
            "transform_matrix": [
                [
                    0.0,
                    -0.258819043636322,
                    0.9659258127212524,
                    11.591110229492188
                ],
                [
                    0.0,
                    0.9659258127212524,
                    0.258819043636322,
                    3.1058285236358643
                ],
                [
                    -1.0,
                    0.0,
                    0.0,
                    0.0
                ],
                [
                    0.0,
                    0.0,
                    0.0,
                    1.0
                ]
            ],
            "light_direction": [
                [
                    -0.1508428454399109,
                    0.41605958342552185,
                    0.89673912525177,
                    0.0
                ],
                [
                    -0.988101601600647,
                    -0.03590027987957001,
                    -0.14955449104309082,
                    0.0
                ],
                [
                    -0.03003046289086342,
                    -0.908628523349762,
                    0.41652432084083557,
                    0.0
                ],
                [
                    0.0,
                    0.0,
                    0.0,
                    1.0
                ]
            ]
        },
        {
            "file_path": "016.png",
            "depth_path": "016_d.png",
            "mask_path": "016_m.png",
            "transform_matrix": [
                [
                    0.0,
                    -0.27563735842704773,
                    0.9612616896629333,
                    11.535140037536621
                ],
                [
                    0.0,
                    0.9612616896629333,
                    0.27563735842704773,
                    3.307648181915283
                ],
                [
                    -1.0,
                    0.0,
                    0.0,
                    0.0
                ],
                [
                    0.0,
                    0.0,
                    0.0,
                    1.0
                ]
            ],
            "light_direction": [
                [
                    0.5477463603019714,
                    -0.7673152089118958,
                    0.33346864581108093,
                    0.0
                ],
                [
                    0.5107901692390442,
                    -0.008973854593932629,
                    -0.8596585988998413,
                    0.0
                ],
                [
                    0.6626216173171997,
                    0.6412073969841003,
                    0.38702163100242615,
                    0.0
                ],
                [
                    0.0,
                    0.0,
                    0.0,
                    1.0
                ]
            ]
        },
        {
            "file_path": "017.png",
            "depth_path": "017_d.png",
            "mask_path": "017_m.png",
            "transform_matrix": [
                [
                    0.0,
                    -0.2923716902732849,
                    0.9563047289848328,
                    11.47565746307373
                ],
                [
                    0.0,
                    0.9563047289848328,
                    0.2923716902732849,
                    3.508460521697998
                ],
                [
                    -1.0,
                    0.0,
                    0.0,
                    0.0
                ],
                [
                    0.0,
                    0.0,
                    0.0,
                    1.0
                ]
            ],
            "light_direction": [
                [
                    0.001465827925130725,
                    0.4838219881057739,
                    -0.8751652836799622,
                    0.0
                ],
                [
                    -0.21874544024467468,
                    -0.8538162112236023,
                    -0.47238585352897644,
                    0.0
                ],
                [
                    -0.9757809042930603,
                    0.19213084876537323,
                    0.10458222776651382,
                    0.0
                ],
                [
                    0.0,
                    0.0,
                    0.0,
                    1.0
                ]
            ]
        },
        {
            "file_path": "018.png",
            "depth_path": "018_d.png",
            "mask_path": "018_m.png",
            "transform_matrix": [
                [
                    0.0,
                    -0.30901700258255005,
                    0.9510565400123596,
                    11.412677764892578
                ],
                [
                    0.0,
                    0.9510565400123596,
                    0.30901700258255005,
                    3.7082040309906006
                ],
                [
                    -1.0,
                    0.0,
                    0.0,
                    0.0
                ],
                [
                    0.0,
                    0.0,
                    0.0,
                    1.0
                ]
            ],
            "light_direction": [
                [
                    -0.13246648013591766,
                    -0.13313591480255127,
                    -0.982205331325531,
                    0.0
                ],
                [
                    -0.933687150478363,
                    -0.3158428370952606,
                    0.16873492300510406,
                    0.0
                ],
                [
                    -0.33268725872039795,
                    0.9394242763519287,
                    -0.08246860653162003,
                    0.0
                ],
                [
                    0.0,
                    0.0,
                    0.0,
                    1.0
                ]
            ]
        },
        {
            "file_path": "019.png",
            "depth_path": "019_d.png",
            "mask_path": "019_m.png",
            "transform_matrix": [
                [
                    0.0,
                    -0.32556816935539246,
                    0.9455185532569885,
                    11.346222877502441
                ],
                [
                    0.0,
                    0.9455185532569885,
                    0.32556816935539246,
                    3.90681791305542
                ],
                [
                    -1.0,
                    0.0,
                    0.0,
                    0.0
                ],
                [
                    0.0,
                    0.0,
                    0.0,
                    1.0
                ]
            ],
            "light_direction": [
                [
                    -0.7153068780899048,
                    -0.6643322706222534,
                    -0.2167929708957672,
                    0.0
                ],
                [
                    -0.5518302321434021,
                    0.34665048122406006,
                    0.7584965229034424,
                    0.0
                ],
                [
                    -0.4287422299385071,
                    0.6621904969215393,
                    -0.6145601868629456,
                    0.0
                ],
                [
                    0.0,
                    0.0,
                    0.0,
                    1.0
                ]
            ]
        },
        {
            "file_path": "020.png",
            "depth_path": "020_d.png",
            "mask_path": "020_m.png",
            "transform_matrix": [
                [
                    0.0,
                    -0.3420201539993286,
                    0.9396926164627075,
                    11.276311874389648
                ],
                [
                    0.0,
                    0.9396926164627075,
                    0.3420201539993286,
                    4.104241847991943
                ],
                [
                    -1.0,
                    0.0,
                    0.0,
                    0.0
                ],
                [
                    0.0,
                    0.0,
                    0.0,
                    1.0
                ]
            ],
            "light_direction": [
                [
                    0.06586059927940369,
                    0.9668543934822083,
                    -0.24668771028518677,
                    0.0
                ],
                [
                    -0.373660683631897,
                    -0.20533829927444458,
                    -0.9045516848564148,
                    0.0
                ],
                [
                    -0.9252243041992188,
                    0.15175177156925201,
                    0.3477518558502197,
                    0.0
                ],
                [
                    0.0,
                    0.0,
                    0.0,
                    1.0
                ]
            ]
        },
        {
            "file_path": "021.png",
            "depth_path": "021_d.png",
            "mask_path": "021_m.png",
            "transform_matrix": [
                [
                    0.0,
                    -0.3583679497241974,
                    0.9335803985595703,
                    11.202964782714844
                ],
                [
                    0.0,
                    0.9335803985595703,
                    0.3583679497241974,
                    4.300415515899658
                ],
                [
                    -1.0,
                    0.0,
                    0.0,
                    0.0
                ],
                [
                    0.0,
                    0.0,
                    0.0,
                    1.0
                ]
            ],
            "light_direction": [
                [
                    -0.21455080807209015,
                    0.07185716927051544,
                    -0.9740658402442932,
                    0.0
                ],
                [
                    0.19540008902549744,
                    0.9802865386009216,
                    0.02927660569548607,
                    0.0
                ],
                [
                    0.9569673538208008,
                    -0.1840512603521347,
                    -0.22436214983463287,
                    0.0
                ],
                [
                    0.0,
                    0.0,
                    0.0,
                    1.0
                ]
            ]
        },
        {
            "file_path": "022.png",
            "depth_path": "022_d.png",
            "mask_path": "022_m.png",
            "transform_matrix": [
                [
                    0.0,
                    -0.37460657954216003,
                    0.9271838665008545,
                    11.126206398010254
                ],
                [
                    0.0,
                    0.9271838665008545,
                    0.37460657954216003,
                    4.495279312133789
                ],
                [
                    -1.0,
                    0.0,
                    0.0,
                    0.0
                ],
                [
                    0.0,
                    0.0,
                    0.0,
                    1.0
                ]
            ],
            "light_direction": [
                [
                    0.2578570246696472,
                    -0.5907580852508545,
                    0.764535665512085,
                    0.0
                ],
                [
                    0.7914218902587891,
                    -0.32475700974464417,
                    -0.5178653597831726,
                    0.0
                ],
                [
                    0.5542213320732117,
                    0.7386054992675781,
                    0.383797824382782,
                    0.0
                ],
                [
                    0.0,
                    0.0,
                    0.0,
                    1.0
                ]
            ]
        },
        {
            "file_path": "023.png",
            "depth_path": "023_d.png",
            "mask_path": "023_m.png",
            "transform_matrix": [
                [
                    0.0,
                    -0.3907311260700226,
                    0.9205048680305481,
                    11.046058654785156
                ],
                [
                    0.0,
                    0.9205048680305481,
                    0.3907311260700226,
                    4.6887736320495605
                ],
                [
                    -1.0,
                    0.0,
                    0.0,
                    0.0
                ],
                [
                    0.0,
                    0.0,
                    0.0,
                    1.0
                ]
            ],
            "light_direction": [
                [
                    0.5570885539054871,
                    -0.1666286140680313,
                    0.8135644793510437,
                    0.0
                ],
                [
                    0.6185545325279236,
                    -0.5704166293144226,
                    -0.5403841733932495,
                    0.0
                ],
                [
                    0.5541142225265503,
                    0.8042758703231812,
                    -0.21470369398593903,
                    0.0
                ],
                [
                    0.0,
                    0.0,
                    0.0,
                    1.0
                ]
            ]
        },
        {
            "file_path": "024.png",
            "depth_path": "024_d.png",
            "mask_path": "024_m.png",
            "transform_matrix": [
                [
                    0.0,
                    -0.4067366421222687,
                    0.9135454297065735,
                    10.962545394897461
                ],
                [
                    0.0,
                    0.9135454297065735,
                    0.4067366421222687,
                    4.880839824676514
                ],
                [
                    -1.0,
                    0.0,
                    0.0,
                    0.0
                ],
                [
                    0.0,
                    0.0,
                    0.0,
                    1.0
                ]
            ],
            "light_direction": [
                [
                    -0.43618351221084595,
                    -0.7609388828277588,
                    0.48032882809638977,
                    0.0
                ],
                [
                    0.8798947930335999,
                    -0.24885304272174835,
                    0.40479281544685364,
                    0.0
                ],
                [
                    -0.18849128484725952,
                    0.5992028117179871,
                    0.7780919075012207,
                    0.0
                ],
                [
                    0.0,
                    0.0,
                    0.0,
                    1.0
                ]
            ]
        },
        {
            "file_path": "025.png",
            "depth_path": "025_d.png",
            "mask_path": "025_m.png",
            "transform_matrix": [
                [
                    0.0,
                    -0.4226182699203491,
                    0.9063078165054321,
                    10.875693321228027
                ],
                [
                    0.0,
                    0.9063078165054321,
                    0.4226182699203491,
                    5.0714192390441895
                ],
                [
                    -1.0,
                    0.0,
                    0.0,
                    0.0
                ],
                [
                    0.0,
                    0.0,
                    0.0,
                    1.0
                ]
            ],
            "light_direction": [
                [
                    0.824044942855835,
                    0.5229331254959106,
                    -0.21792393922805786,
                    0.0
                ],
                [
                    -0.42555227875709534,
                    0.31743794679641724,
                    -0.8474304676055908,
                    0.0
                ],
                [
